1000 0.001400
1500 0.005200
2000 0.010400
2500 0.022800
3000 0.036000
3500 0.052200
4000 0.088600
4500 0.113800
5000 0.137400
5500 0.178600
6000 0.220200
6500 0.271600
7000 0.331000
7500 0.401200
8000 0.480800
8500 0.567200
9000 0.667200
9500 0.780200
10000 0.907200
10500 1.066800
11000 1.237800
11500 1.454000
12000 1.682600
12500 1.924400
13000 2.190400
13500 2.509200
14000 2.900400
14500 3.313200
15000 3.734600
15500 4.186200
16000 4.716400
16500 5.241000
17000 5.731800
17500 6.257800
18000 6.881400
18500 7.536000
19000 8.185400
19500 8.802400
20000 9.565200
20500 10.350600
21000 11.109800
21500 12.017200
22000 12.928400
22500 13.831200
23000 14.829400
23500 15.958800
24000 17.082000
24500 18.219400
25000 19.385000
25500 20.711000
26000 22.120400
26500 23.572000
27000 25.058800
27500 26.686400
28000 28.279200
28500 29.865000
29000 31.649800
29500 33.487400
30000 35.385000
30500 37.329200
31000 39.322000
31500 41.410400
32000 43.616000
32500 45.888000
33000 48.155000
33500 50.564800
34000 53.221400
34500 55.880600
35000 58.579800
35500 61.396000
36000 64.191000
36500 67.252200
37000 70.158200
37500 73.160200
38000 76.292400
38500 79.475600
39000 82.735200
39500 86.067000
40000 89.560600
40500 93.249000
41000 96.916800
41500 100.945000
42000 105.120600
42500 109.282400
43000 113.603400
43500 118.010400
44000 122.438800
44500 127.178200
45000 132.030000
45500 137.044800
46000 142.057200
46500 147.215200
47000 152.493200
47500 157.846600
48000 163.051600
48500 168.322400
49000 173.699200
49500 179.303000
50000 185.066800