1000 0.001000
1500 0.002600
2000 0.006600
2500 0.010200
3000 0.015800
3500 0.025000
4000 0.034400
4500 0.046200
5000 0.067200
5500 0.085000
6000 0.110400
6500 0.136200
7000 0.174200
7500 0.215800
8000 0.262400
8500 0.315400
9000 0.374800
9500 0.444200
10000 0.518400
10500 0.597400
11000 0.686200
11500 0.781000
12000 0.881000
12500 0.995600
13000 1.120800
13500 1.249200
14000 1.394200
14500 1.547800
15000 1.712000
15500 1.884000
16000 2.072000
16500 2.273200
17000 2.485800
17500 2.715000
18000 2.957800
18500 3.209000
19000 3.472600
19500 3.763600
20000 4.059800
20500 4.372000
21000 4.706400
21500 5.049000
22000 5.406000
22500 5.782400
23000 6.165000
23500 6.573600
24000 7.001400
24500 7.455800
25000 7.928800
25500 8.413200
26000 8.916800
26500 9.433800
27000 9.974400
27500 10.540800
28000 11.123200
28500 11.731000
29000 12.350400
29500 12.990400
30000 13.667400
30500 14.360200
31000 15.075400
31500 15.818000
32000 16.585000
32500 17.372600
33000 18.182000
33500 19.009400
34000 19.879200
34500 20.766000
35000 21.697000
35500 22.659400
36000 23.636000
36500 24.633000
37000 25.659000
37500 26.714800
38000 27.806000
38500 28.922600
39000 30.074200
39500 31.241400
40000 32.459000
40500 33.699600
41000 34.959400
41500 36.245200
42000 37.572000
42500 38.949800
43000 40.358000
43500 41.792800
44000 43.243400
44500 44.734000
45000 46.276000
45500 47.852600
46000 49.446000
46500 51.065800
47000 52.734200
47500 54.435000
48000 56.165000
48500 57.940000
49000 59.767200
49500 61.665400
50000 63.564000