100000 0.010800
200000 0.031600
300000 0.072200
400000 0.123400
500000 0.182000
600000 0.258200
700000 0.342600
800000 0.441400
900000 0.555000
1000000 0.674200
1100000 0.808400
1200000 0.949200
1300000 1.101200
1400000 1.271400
1500000 1.454000
1600000 1.652400
1700000 1.854600
1800000 2.071400
1900000 2.300200
2000000 2.544200
2100000 2.800800
2200000 3.070400
2300000 3.348600
2400000 3.639400
2500000 3.939800
2600000 4.259400
2700000 4.584600
2800000 4.922600
2900000 5.274200
3000000 5.646200
3100000 6.030600
3200000 6.429000
3300000 6.837000
3400000 7.258600
3500000 7.692000
3600000 8.137200
3700000 8.588000
3800000 9.047600
3900000 9.519200
4000000 10.012200
4100000 10.520200
4200000 11.031000
4300000 11.552200
4400000 12.095600
4500000 12.647600
4600000 13.208800
4700000 13.783800
4800000 14.375400
4900000 14.979600
5000000 15.573800
5100000 16.196000
5200000 16.834400
5300000 17.479800
5400000 18.136600
5500000 18.812400
5600000 19.490800
5700000 20.181600
5800000 20.892600
5900000 21.614200
6000000 22.347400
6100000 23.099200
6200000 23.842600
6300000 24.618200
6400000 25.400400
6500000 26.180800
6600000 26.990200
6700000 27.794600
6800000 28.623400
6900000 29.455200
7000000 30.299600
7100000 31.154400
7200000 32.021600
7300000 32.901000
7400000 33.790400
7500000 34.698800
7600000 35.616600
7700000 36.541800
7800000 37.491000
7900000 38.434200
8000000 39.389200
8100000 40.374400
8200000 41.374800
8300000 42.380600
8400000 43.398800
8500000 44.422600
8600000 45.470000
8700000 46.546000
8800000 47.637400
8900000 48.737000
9000000 49.829600
9100000 50.958800
9200000 52.107200
9300000 53.251200
9400000 54.408400
9500000 55.594800
9600000 56.786000
9700000 57.995200
9800000 59.214800
9900000 60.438600
10000000 61.677000