100000 0.021000
200000 0.061600
300000 0.121000
400000 0.202000
500000 0.303400
600000 0.426600
700000 0.571400
800000 0.739400
900000 0.924600
1000000 1.130800
1100000 1.360200
1200000 1.605200
1300000 1.877000
1400000 2.165200
1500000 2.480600
1600000 2.819200
1700000 3.169600
1800000 3.541200
1900000 3.944600
2000000 4.366800
2100000 4.807600
2200000 5.275600
2300000 5.755800
2400000 6.265200
2500000 6.793000
2600000 7.336800
2700000 7.920800
2800000 8.519000
2900000 9.144800
3000000 9.789400
3100000 10.458200
3200000 11.158600
3300000 11.872800
3400000 12.603000
3500000 13.370400
3600000 14.158600
3700000 14.967800
3800000 15.814400
3900000 16.682800
4000000 17.563800
4100000 18.469400
4200000 19.373600
4300000 20.297800
4400000 21.247000
4500000 22.216400
4600000 23.209000
4700000 24.230400
4800000 25.256000
4900000 26.321000
5000000 27.394200
5100000 28.480600
5200000 29.582400
5300000 30.711200
5400000 31.883600
5500000 33.073600
5600000 34.295000
5700000 35.531000
5800000 36.803200
5900000 38.111000
6000000 39.441600
6100000 40.798400
6200000 42.139200
6300000 43.488800
6400000 44.863800
6500000 46.269200
6600000 47.705000
6700000 49.175800
6800000 50.661200
6900000 52.160800
7000000 53.675400
7100000 55.246600
7200000 56.873000
7300000 58.479600
7400000 60.106800
7500000 61.754800
7600000 63.427400
7700000 65.112200
7800000 66.819600
7900000 68.546800
8000000 70.301600
8100000 72.100400
8200000 73.927600
8300000 75.795600
8400000 77.649000
8500000 79.509600
8600000 81.464400
8700000 83.417400
8800000 85.407800
8900000 87.426200
9000000 89.452600
9100000 91.498600
9200000 93.582200
9300000 95.628800
9400000 97.695400
9500000 99.756400
9600000 101.847000
9700000 103.945800
9800000 106.184800
9900000 108.417600
10000000 110.603200