100000 0.006400
200000 0.022600
300000 0.050000
400000 0.086000
500000 0.131400
600000 0.186000
700000 0.249000
800000 0.318000
900000 0.398400
1000000 0.490000
1100000 0.589800
1200000 0.699800
1300000 0.812400
1400000 0.937400
1500000 1.071600
1600000 1.211200
1700000 1.358600
1800000 1.521000
1900000 1.689800
2000000 1.869600
2100000 2.058000
2200000 2.256400
2300000 2.464200
2400000 2.685000
2500000 2.913600
2600000 3.154600
2700000 3.391200
2800000 3.646800
2900000 3.904000
3000000 4.175600
3100000 4.452800
3200000 4.740200
3300000 5.037200
3400000 5.345200
3500000 5.657200
3600000 5.983200
3700000 6.311200
3800000 6.649800
3900000 7.006400
4000000 7.366400
4100000 7.737400
4200000 8.111600
4300000 8.499400
4400000 8.895600
4500000 9.299000
4600000 9.721000
4700000 10.146000
4800000 10.575600
4900000 11.020200
5000000 11.471600
5100000 11.929400
5200000 12.401200
5300000 12.877600
5400000 13.368800
5500000 13.871600
5600000 14.379600
5700000 14.917600
5800000 15.457800
5900000 16.012000
6000000 16.571200
6100000 17.143200
6200000 17.715400
6300000 18.308800
6400000 18.906400
6500000 19.516400
6600000 20.131200
6700000 20.763800
6800000 21.410400
6900000 22.062800
7000000 22.725400
7100000 23.390000
7200000 24.071600
7300000 24.755200
7400000 25.450200
7500000 26.158000
7600000 26.871800
7700000 27.606200
7800000 28.345400
7900000 29.094000
8000000 29.853200
8100000 30.620600
8200000 31.392400
8300000 32.180600
8400000 32.966600
8500000 33.766200
8600000 34.563400
8700000 35.379200
8800000 36.210800
8900000 37.046600
9000000 37.898000
9100000 38.755800
9200000 39.616400
9300000 40.485600
9400000 41.379400
9500000 42.279800
9600000 43.168800
9700000 44.082400
9800000 45.002600
9900000 45.930600
10000000 46.867600