100000 0.013600
200000 0.039200
300000 0.070800
400000 0.116000
500000 0.170400
600000 0.239200
700000 0.318000
800000 0.412800
900000 0.511000
1000000 0.617600
1100000 0.742600
1200000 0.871000
1300000 1.017800
1400000 1.172000
1500000 1.331400
1600000 1.512600
1700000 1.700200
1800000 1.894400
1900000 2.100600
2000000 2.324200
2100000 2.555800
2200000 2.799200
2300000 3.054400
2400000 3.326600
2500000 3.597600
2600000 3.885400
2700000 4.182400
2800000 4.498400
2900000 4.817000
3000000 5.148000
3100000 5.491000
3200000 5.841600
3300000 6.206800
3400000 6.581000
3500000 6.963600
3600000 7.358000
3700000 7.772000
3800000 8.190200
3900000 8.622000
4000000 9.062400
4100000 9.520000
4200000 9.984800
4300000 10.462200
4400000 10.952800
4500000 11.449000
4600000 11.958000
4700000 12.475800
4800000 13.004800
4900000 13.546000
5000000 14.094800
5100000 14.658200
5200000 15.234400
5300000 15.821800
5400000 16.420800
5500000 17.031600
5600000 17.643000
5700000 18.300000
5800000 18.961200
5900000 19.637000
6000000 20.323600
6100000 21.019800
6200000 21.713800
6300000 22.435400
6400000 23.167800
6500000 23.906200
6600000 24.656200
6700000 25.430200
6800000 26.214400
6900000 27.005800
7000000 27.804800
7100000 28.619000
7200000 29.445400
7300000 30.284600
7400000 31.133800
7500000 32.004600
7600000 32.878400
7700000 33.764600
7800000 34.664200
7900000 35.574600
8000000 36.496400
8100000 37.425600
8200000 38.374200
8300000 39.334800
8400000 40.306800
8500000 41.283800
8600000 42.263000
8700000 43.264600
8800000 44.280200
8900000 45.302000
9000000 46.339800
9100000 47.369600
9200000 48.420200
9300000 49.490000
9400000 50.585400
9500000 51.681400
9600000 52.771000
9700000 53.878000
9800000 54.999800
9900000 56.130400
10000000 57.265000