100000 0.012400
200000 0.030600
300000 0.061400
400000 0.100400
500000 0.148600
600000 0.206800
700000 0.274200
800000 0.351800
900000 0.436800
1000000 0.531400
1100000 0.631400
1200000 0.741000
1300000 0.863000
1400000 0.988400
1500000 1.129000
1600000 1.276400
1700000 1.436000
1800000 1.601600
1900000 1.783600
2000000 1.976000
2100000 2.169600
2200000 2.374600
2300000 2.592000
2400000 2.816000
2500000 3.050200
2600000 3.296000
2700000 3.551400
2800000 3.814600
2900000 4.081200
3000000 4.358600
3100000 4.648400
3200000 4.944000
3300000 5.245600
3400000 5.554200
3500000 5.885400
3600000 6.228200
3700000 6.579000
3800000 6.930600
3900000 7.292400
4000000 7.667000
4100000 8.050600
4200000 8.439600
4300000 8.841200
4400000 9.256200
4500000 9.682200
4600000 10.103200
4700000 10.538000
4800000 10.992800
4900000 11.454000
5000000 11.918000
5100000 12.399000
5200000 12.886800
5300000 13.386400
5400000 13.896600
5500000 14.422400
5600000 14.943400
5700000 15.494800
5800000 16.063000
5900000 16.631000
6000000 17.213600
6100000 17.808600
6200000 18.400600
6300000 19.012200
6400000 19.630400
6500000 20.263800
6600000 20.902600
6700000 21.558400
6800000 22.224600
6900000 22.895600
7000000 23.578800
7100000 24.269800
7200000 24.974200
7300000 25.674600
7400000 26.389400
7500000 27.124400
7600000 27.860600
7700000 28.615800
7800000 29.378600
7900000 30.149400
8000000 30.928600
8100000 31.717000
8200000 32.517600
8300000 33.325600
8400000 34.146600
8500000 34.968000
8600000 35.799000
8700000 36.638400
8800000 37.491200
8900000 38.356400
9000000 39.237000
9100000 40.120400
9200000 41.003800
9300000 41.904600
9400000 42.825400
9500000 43.753800
9600000 44.675400
9700000 45.609000
9800000 46.565800
9900000 47.520000
10000000 48.476400