1000 0.000400
1500 0.001600
2000 0.003800
2500 0.006200
3000 0.008400
3500 0.013000
4000 0.020800
4500 0.033200
5000 0.049000
5500 0.062600
6000 0.081800
6500 0.106800
7000 0.129400
7500 0.157200
8000 0.188400
8500 0.225200
9000 0.263400
9500 0.305000
10000 0.355000
10500 0.401800
11000 0.459800
11500 0.523800
12000 0.594400
12500 0.669400
13000 0.750600
13500 0.838000
14000 0.932600
14500 1.038800
15000 1.148000
15500 1.263600
16000 1.382600
16500 1.515400
17000 1.660400
17500 1.811400
18000 1.963800
18500 2.132200
19000 2.313000
19500 2.496200
20000 2.694400
20500 2.902200
21000 3.122000
21500 3.348800
22000 3.587400
22500 3.831600
23000 4.083000
23500 4.345400
24000 4.625600
24500 4.918600
25000 5.224200
25500 5.540000
26000 5.867800
26500 6.215600
27000 6.573400
27500 6.942800
28000 7.324000
28500 7.723600
29000 8.127200
29500 8.556600
30000 8.991800
30500 9.442200
31000 9.906800
31500 10.393400
32000 10.886600
32500 11.399200
33000 11.922800
33500 12.469200
34000 13.028400
34500 13.595800
35000 14.197600
35500 14.813000
36000 15.447200
36500 16.093000
37000 16.765600
37500 17.448000
38000 18.147200
38500 18.865000
39000 19.607800
39500 20.364600
40000 21.143000
40500 21.932400
41000 22.740000
41500 23.568200
42000 24.414000
42500 25.302000
43000 26.213000
43500 27.136000
44000 28.076800
44500 29.034600
45000 30.025200
45500 31.036200
46000 32.048200
46500 33.086400
47000 34.167000
47500 35.266600
48000 36.382200
48500 37.525000
49000 38.700800
49500 39.915600
50000 41.129800